
HIV_Screening
	Log Likelihood : -0.6276399171508842
	MEU : 42.582734183407034
	Nodes : 112
	Edges : 101
	Layers : 10
	Average rewards : 42.559788119992646
	Deviation : 0.06067708771159484
