
LungCancer_Staging
	MEU : 3.138664586296027
	Nodes : 312
	Average rewards : 3.108005299999918
	Deviation : 0.011869627022775012