
Computer_Diagnostician
	Log-Likelihood : -0.9011245432112749
	MEU : -208.351
	Nodes : 56
	Edges : 47
	Layers : 10
	Average rewards : -210.15520000000004
	Deviation : 0.3810022440878799
